2,10_-,1,fine-grained.mine.size,(2076528)
(2076624)
(2076624)
(2076032)
(2076512)
(2075904)
(2076208)
(2076624)
(2076496)
(2076224)
2,10_-,1,fine-grained.mine.time,1701726
2,10_-,10,fine-grained.mine.size,(2080576)
(2080848)
(2081008)
(2080192)
(2080912)
(2080848)
(2080432)
(2080688)
(2080736)
(2080464)
2,10_-,10,fine-grained.mine.time,1716565
2,10_-,5,fine-grained.mine.size,(2080784)
(2080880)
(2080848)
(2080800)
(2080384)
(2080640)
(2080832)
(2080384)
(2080704)
(2080704)
2,10_-,5,fine-grained.mine.time,1707000
2,11_-,1,boost.mine.size,(21504)
(21648)
(21824)
(21632)
(21520)
(21632)
(21584)
(21760)
(21408)
(20832)
2,11_-,1,boost.mine.time,124
2,11_-,1,fine-grained.mine.size,(22432)
(21760)
(22192)
(21760)
(21760)
(22192)
(22656)
(21632)
(22608)
(21760)
2,11_-,1,fine-grained.mine.time,120
2,11_-,1,prune.mine.size,(21632)
(22608)
(22608)
(22192)
(22352)
(22560)
(22672)
(21968)
(22624)
(22240)
2,11_-,1,prune.mine.time,149
2,11_-,10,boost.mine.size,(21440)
(21632)
(21392)
(21648)
(20480)
(21856)
(21808)
(20976)
(21968)
(21632)
2,11_-,10,boost.mine.time,117
2,11_-,10,fine-grained.mine.size,(2076912)
(2076912)
(2076896)
(2077040)
(2076816)
(2076896)
(2077360)
(2076704)
(2077136)
(2077312)
2,11_-,10,fine-grained.mine.time,1670438
2,11_-,10,prune.mine.size,(21936)
(22544)
(22192)
(22320)
(22608)
(21968)
(22208)
(22592)
(22256)
(22608)
2,11_-,10,prune.mine.time,147
2,11_-,5,boost.mine.size,(21728)
(21008)
(21152)
(21136)
(21664)
(21632)
(21792)
(21808)
(21520)
(21440)
2,11_-,5,boost.mine.time,91
2,11_-,5,fine-grained.mine.size,(22544)
(22656)
(22432)
(22320)
(22432)
(22320)
(21968)
(22560)
(21968)
(22272)
2,11_-,5,fine-grained.mine.time,108
2,11_-,5,prune.mine.size,(22336)
(22544)
(22576)
(22656)
(22624)
(22272)
(22624)
(22656)
(22576)
(22336)
2,11_-,5,prune.mine.time,134
2,12_-,1,boost.mine.size,(22800)
(22784)
(23472)
(23472)
(23472)
(23584)
(23584)
(23408)
(23744)
(23744)
2,12_-,1,boost.mine.time,121
2,12_-,1,fine-grained.mine.size,(33872)
(34320)
(34048)
(34544)
(34080)
(34608)
(34368)
(34304)
(34544)
(34736)
2,12_-,1,fine-grained.mine.time,262
2,12_-,1,prune.mine.size,(34368)
(34352)
(34560)
(34720)
(34688)
(34688)
(34608)
(34368)
(34704)
(34768)
2,12_-,1,prune.mine.time,251
2,12_-,10,boost.mine.size,(22912)
(23408)
(23088)
(23088)
(23360)
(23408)
(22912)
(23408)
(23088)
(23744)
2,12_-,10,boost.mine.time,148
2,12_-,10,fine-grained.mine.size,(34048)
(34384)
(34368)
(34336)
(34064)
(34768)
(34656)
(34608)
(34304)
(33744)
2,12_-,10,fine-grained.mine.time,201
2,12_-,10,prune.mine.size,(33888)
(33760)
(34368)
(34432)
(33744)
(34080)
(34784)
(33744)
(34688)
(34608)
2,12_-,10,prune.mine.time,194
2,12_-,5,boost.mine.size,(23600)
(22928)
(23760)
(23600)
(23424)
(23136)
(23504)
(23712)
(23440)
(23232)
2,12_-,5,boost.mine.time,190
2,12_-,5,fine-grained.mine.size,(2068112)
(2068016)
(2068240)
(2068112)
(2067760)
(2068240)
(2067776)
(2067856)
(2067888)
(2067760)
2,12_-,5,fine-grained.mine.time,1702866
2,12_-,5,prune.mine.size,(34736)
(34800)
(34176)
(35152)
(34800)
(35136)
(34880)
(34480)
(34304)
(35200)
2,12_-,5,prune.mine.time,228
2,13_-,1,boost.mine.size,(22720)
(22464)
(23072)
(23072)
(22848)
(23040)
(23216)
(22464)
(22864)
(23136)
2,13_-,1,boost.mine.time,212
2,13_-,1,fine-grained.mine.size,(47856)
(47392)
(47440)
(47536)
(46960)
(47520)
(47152)
(47552)
(47136)
(47456)
2,13_-,1,fine-grained.mine.time,490
2,13_-,10,boost.mine.size,(23072)
(23024)
(23024)
(22880)
(22848)
(23136)
(23120)
(23248)
(22160)
(22160)
2,13_-,10,boost.mine.time,155
2,13_-,10,fine-grained.mine.size,(47808)
(47744)
(47792)
(47744)
(46960)
(46960)
(46832)
(47648)
(47872)
(47808)
2,13_-,10,fine-grained.mine.time,531
2,13_-,5,boost.mine.size,(23120)
(23200)
(23088)
(22496)
(23104)
(23136)
(22768)
(22304)
(23120)
(22848)
2,13_-,5,boost.mine.time,174
2,13_-,5,fine-grained.mine.size,(47760)
(47392)
(47776)
(47744)
(46832)
(47520)
(47136)
(47728)
(47440)
(47392)
2,13_-,5,fine-grained.mine.time,486
2,14_-,1,boost.mine.size,(23072)
(23200)
(23248)
(22880)
(23072)
(22608)
(22608)
(23216)
(23200)
(22832)
2,14_-,1,boost.mine.time,217
2,14_-,1,fine-grained.mine.size,(38176)
(38528)
(38576)
(38416)
(38160)
(38096)
(38576)
(38512)
(38176)
(38352)
2,14_-,1,fine-grained.mine.time,327
2,14_-,1,prune.mine.size,(34576)
(34000)
(34400)
(34496)
(34032)
(34608)
(34640)
(33824)
(34000)
(34304)
2,14_-,1,prune.mine.time,271
2,14_-,10,boost.mine.size,(23328)
(23568)
(23312)
(23680)
(23632)
(23568)
(23408)
(22736)
(22912)
(22736)
2,14_-,10,boost.mine.time,213
2,14_-,10,fine-grained.mine.size,(1982096)
(1982032)
(1982000)
(1981488)
(1982080)
(1981856)
(1981312)
(1981584)
(1981264)
(1981520)
2,14_-,10,fine-grained.mine.time,14173
2,14_-,10,prune.mine.size,(35456)
(34848)
(35520)
(35152)
(34880)
(35152)
(34800)
(35584)
(34672)
(35232)
2,14_-,10,prune.mine.time,275
2,14_-,5,boost.mine.size,(22576)
(22576)
(23296)
(23072)
(23232)
(23136)
(23184)
(22992)
(23280)
(23408)
2,14_-,5,boost.mine.time,291
2,14_-,5,fine-grained.mine.size,(38176)
(38464)
(38384)
(38000)
(38528)
(37680)
(38528)
(38160)
(38416)
(38544)
2,14_-,5,fine-grained.mine.time,314
2,14_-,5,prune.mine.size,(33696)
(34256)
(34400)
(34736)
(34640)
(34256)
(34304)
(34000)
(33696)
(34384)
2,14_-,5,prune.mine.time,317
2,15_-,1,boost.mine.size,(23424)
(23824)
(23456)
(24112)
(23248)
(23424)
(24080)
(24096)
(23472)
(23952)
2,15_-,1,boost.mine.time,185
2,15_-,1,fine-grained.mine.size,(113328)
(113792)
(114032)
(114016)
(113936)
(113856)
(113552)
(113600)
(113904)
(113552)
2,15_-,1,fine-grained.mine.time,16415
2,15_-,10,boost.mine.size,(24032)
(23120)
(23728)
(24080)
(23120)
(23120)
(23920)
(23696)
(23696)
(23680)
2,15_-,10,boost.mine.time,229
2,15_-,10,fine-grained.mine.size,(142624)
(141504)
(142128)
(142432)
(141696)
(141696)
(142528)
(142272)
(142272)
(142592)
2,15_-,10,fine-grained.mine.time,31491
2,15_-,10,prune.mine.size,(142464)
(142464)
(142464)
(142464)
(142288)
(142576)
(142464)
(142640)
(141968)
(142528)
2,15_-,10,prune.mine.time,27376
2,15_-,5,boost.mine.size,(24080)
(23744)
(23680)
(23744)
(23264)
(23760)
(23744)
(24096)
(23808)
(23744)
2,15_-,5,boost.mine.time,215
2,15_-,5,fine-grained.mine.size,(130720)
(129984)
(130016)
(130384)
(129680)
(129808)
(130016)
(130656)
(130544)
(130624)
2,15_-,5,fine-grained.mine.time,27016
2,15_-,5,prune.mine.size,(130656)
(130240)
(130016)
(130400)
(130384)
(130368)
(129680)
(130624)
(130640)
(130384)
2,15_-,5,prune.mine.time,24393
2,16_-,1,boost.mine.size,(20464)
(20784)
(21440)
(21456)
(21424)
(21440)
(21104)
(20608)
(20816)
(21088)
2,16_-,1,boost.mine.time,95
2,16_-,1,fine-grained.mine.size,(24336)
(24704)
(24800)
(24944)
(24688)
(24304)
(24864)
(24560)
(24928)
(24624)
2,16_-,1,fine-grained.mine.time,114
2,16_-,1,prune.mine.size,(21872)
(22080)
(22560)
(22224)
(22432)
(22400)
(22320)
(22144)
(22480)
(21856)
2,16_-,1,prune.mine.time,106
2,16_-,10,boost.mine.size,(21424)
(21280)
(20528)
(21424)
(21344)
(21184)
(21168)
(21104)
(21392)
(21392)
2,16_-,10,boost.mine.time,172
2,16_-,10,fine-grained.mine.size,(24720)
(24640)
(24144)
(24880)
(24016)
(24576)
(24880)
(24704)
(24832)
(24576)
2,16_-,10,fine-grained.mine.time,126
2,16_-,10,prune.mine.size,(21664)
(22240)
(21536)
(22160)
(21888)
(21536)
(21664)
(22560)
(22336)
(22160)
2,16_-,10,prune.mine.time,106
2,16_-,5,boost.mine.size,(21296)
(20480)
(20608)
(21280)
(21440)
(21184)
(20784)
(21104)
(21472)
(21456)
2,16_-,5,boost.mine.time,98
2,16_-,5,fine-grained.mine.size,(24288)
(24304)
(24320)
(24688)
(24144)
(24336)
(24912)
(24560)
(24128)
(24000)
2,16_-,5,fine-grained.mine.time,123
2,16_-,5,prune.mine.size,(21520)
(22144)
(22480)
(22224)
(22160)
(22256)
(21584)
(21856)
(22096)
(22224)
2,16_-,5,prune.mine.time,108
2,17_-,1,boost.mine.size,(22496)
(22272)
(21600)
(22512)
(22288)
(22336)
(22432)
(22032)
(22496)
(22496)
2,17_-,1,boost.mine.time,276
2,17_-,1,fine-grained.mine.size,(1962592)
(1962784)
(1962896)
(1962960)
(1962928)
(1962960)
(1962848)
(1962608)
(1962544)
(1962688)
2,17_-,1,fine-grained.mine.time,1679670
2,17_-,1,prune.mine.size,(31024)
(30944)
(31200)
(31120)
(30496)
(30832)
(30928)
(31152)
(30848)
(30832)
2,17_-,1,prune.mine.time,336
2,17_-,10,boost.mine.size,(22416)
(22496)
(22416)
(22400)
(22016)
(21760)
(22080)
(22256)
(22432)
(22320)
2,17_-,10,boost.mine.time,125
2,17_-,10,fine-grained.mine.size,(30000)
(30560)
(30032)
(30560)
(29696)
(30256)
(30784)
(29824)
(30720)
(30496)
2,17_-,10,fine-grained.mine.time,353
2,17_-,10,prune.mine.size,(30320)
(30048)
(30640)
(29824)
(30048)
(30576)
(29760)
(30496)
(30384)
(30384)
2,17_-,10,prune.mine.time,401
2,17_-,5,boost.mine.size,(22336)
(22384)
(22432)
(22448)
(22496)
(22288)
(22448)
(22032)
(22032)
(22384)
2,17_-,5,boost.mine.time,195
2,17_-,5,fine-grained.mine.size,(1962128)
(1962976)
(1963024)
(1963040)
(1962336)
(1962864)
(1962128)
(1962608)
(1962000)
(1962688)
2,17_-,5,fine-grained.mine.time,1633687
2,17_-,5,prune.mine.size,(30656)
(30224)
(30848)
(30912)
(30848)
(30576)
(30576)
(30848)
(30848)
(31184)
2,17_-,5,prune.mine.time,334
2,18_-,1,boost.mine.size,(22912)
(23600)
(23872)
(23520)
(23936)
(23856)
(23856)
(23824)
(23536)
(23616)
2,18_-,1,boost.mine.time,183
2,18_-,1,fine-grained.mine.size,(26816)
(27136)
(26800)
(26720)
(26240)
(26928)
(26832)
(26720)
(26256)
(26448)
2,18_-,1,fine-grained.mine.time,221
2,18_-,10,boost.mine.size,(23248)
(22928)
(23776)
(23616)
(23040)
(23888)
(23472)
(23824)
(23472)
(23536)
2,18_-,10,boost.mine.time,212
2,18_-,10,fine-grained.mine.size,(26816)
(26416)
(27136)
(26416)
(26672)
(26800)
(27088)
(27024)
(26816)
(27072)
2,18_-,10,fine-grained.mine.time,195
2,18_-,10,prune.mine.size,(25216)
(26048)
(25824)
(25712)
(25648)
(25648)
(26032)
(25088)
(25440)
(25792)
2,18_-,10,prune.mine.time,199
2,18_-,5,boost.mine.size,(22976)
(23360)
(23664)
(23488)
(23648)
(22976)
(23008)
(22656)
(23712)
(23232)
2,18_-,5,boost.mine.time,187
2,18_-,5,fine-grained.mine.size,(1903760)
(1904880)
(1903904)
(1904512)
(1904224)
(1904512)
(1903760)
(1903760)
(1904448)
(1904096)
2,18_-,5,fine-grained.mine.time,12491
2,18_-,5,prune.mine.size,(26048)
(25344)
(25584)
(25360)
(26048)
(26048)
(25968)
(25168)
(25584)
(25968)
2,18_-,5,prune.mine.time,514
2,19_-,1,boost.mine.size,(22752)
(22736)
(22432)
(22688)
(22992)
(22944)
(22832)
(22256)
(22816)
(22992)
2,19_-,1,boost.mine.time,191
2,19_-,1,fine-grained.mine.size,(1873280)
(1873600)
(1874192)
(1874368)
(1874160)
(1873536)
(1873472)
(1873968)
(1873472)
(1874176)
2,19_-,1,fine-grained.mine.time,13233
2,19_-,1,prune.mine.size,(43392)
(44080)
(44000)
(44400)
(44320)
(43696)
(44176)
(44240)
(44352)
(44320)
2,19_-,1,prune.mine.time,436
2,19_-,10,boost.mine.size,(22256)
(22944)
(23040)
(23040)
(22688)
(22832)
(22256)
(23040)
(22752)
(22464)
2,19_-,10,boost.mine.time,395
2,19_-,10,fine-grained.mine.size,(1873824)
(1873536)
(1873568)
(1873136)
(1873648)
(1873600)
(1873616)
(1873824)
(1873536)
(1873648)
2,19_-,10,fine-grained.mine.time,12529
2,19_-,10,prune.mine.size,(46896)
(46896)
(46784)
(46784)
(46720)
(46848)
(46736)
(46224)
(46832)
(46048)
2,19_-,10,prune.mine.time,658
2,19_-,5,boost.mine.size,(23088)
(23040)
(22144)
(22272)
(22832)
(22992)
(23088)
(22256)
(22928)
(22992)
2,19_-,5,boost.mine.time,523
2,19_-,5,fine-grained.mine.size,(1873824)
(1873488)
(1873136)
(1874256)
(1874368)
(1873472)
(1873136)
(1874384)
(1873136)
(1873136)
2,19_-,5,fine-grained.mine.time,13255
2,19_-,5,prune.mine.size,(46864)
(46864)
(46048)
(46784)
(46528)
(46496)
(45920)
(46624)
(46544)
(45920)
2,19_-,5,prune.mine.time,386
2,1_-,1,boost.mine.size,(23648)
(24464)
(24384)
(23824)
(23824)
(24336)
(24080)
(23664)
(23856)
(23856)
2,1_-,1,boost.mine.time,487
2,1_-,1,fine-grained.mine.size,(2928608)
(2929200)
(2929232)
(2928608)
(2929280)
(2929312)
(2929280)
(2929280)
(2929328)
(2928608)
2,1_-,1,fine-grained.mine.time,2122201
2,1_-,10,boost.mine.size,(24208)
(24432)
(24128)
(24512)
(23536)
(24224)
(24240)
(24448)
(24240)
(23520)
2,1_-,10,boost.mine.time,383
2,1_-,10,fine-grained.mine.size,(2929216)
(2929056)
(2928496)
(2929184)
(2928800)
(2928880)
(2928880)
(2929136)
(2929232)
(2928608)
2,1_-,10,fine-grained.mine.time,1974160
2,1_-,10,prune.mine.size,(64912)
(64960)
(64128)
(64944)
(64000)
(64688)
(64704)
(64912)
(64128)
(64944)
2,1_-,10,prune.mine.time,4091
2,1_-,5,boost.mine.size,(24320)
(24128)
(24080)
(24384)
(24384)
(24144)
(24208)
(24480)
(24144)
(24560)
2,1_-,5,boost.mine.time,193
2,1_-,5,fine-grained.mine.size,(2929840)
(2930064)
(2929520)
(2930208)
(2930240)
(2929648)
(2930240)
(2930240)
(2930144)
(2930176)
2,1_-,5,fine-grained.mine.time,2071333
2,1_-,5,prune.mine.size,(64912)
(64544)
(64864)
(64544)
(64880)
(64816)
(64624)
(64528)
(64640)
(64304)
2,1_-,5,prune.mine.time,4415
2,20_-,1,boost.mine.size,(21744)
(22112)
(22368)
(21968)
(22352)
(22272)
(22352)
(22432)
(21712)
(21984)
2,20_-,1,boost.mine.time,360
2,20_-,1,fine-grained.mine.size,(22112)
(22096)
(21744)
(21968)
(22016)
(21424)
(22112)
(21744)
(21744)
(22272)
2,20_-,1,fine-grained.mine.time,323
2,20_-,10,boost.mine.size,(22048)
(22208)
(21536)
(21712)
(22112)
(21968)
(22384)
(22352)
(22128)
(22352)
2,20_-,10,boost.mine.time,126
2,20_-,10,fine-grained.mine.size,(21408)
(22352)
(22384)
(21744)
(21408)
(22096)
(22272)
(22352)
(22288)
(21408)
2,20_-,10,fine-grained.mine.time,145
2,20_-,5,boost.mine.size,(22016)
(22384)
(21424)
(22096)
(22096)
(22128)
(22384)
(22368)
(22336)
(22224)
2,20_-,5,boost.mine.time,340
2,20_-,5,fine-grained.mine.size,(22016)
(22016)
(21408)
(21744)
(22432)
(21536)
(21552)
(21712)
(22368)
(21984)
2,20_-,5,fine-grained.mine.time,289
2,21_-,1,boost.mine.size,(22480)
(22560)
(22720)
(22880)
(22880)
(22544)
(22464)
(22896)
(22560)
(22160)
2,21_-,1,boost.mine.time,155
2,21_-,1,fine-grained.mine.size,(27568)
(27936)
(26960)
(27888)
(27920)
(27984)
(27520)
(27904)
(27824)
(27664)
2,21_-,1,fine-grained.mine.time,764
2,21_-,1,prune.mine.size,(27568)
(27264)
(27936)
(27664)
(27824)
(27904)
(27936)
(27936)
(27520)
(27264)
2,21_-,1,prune.mine.time,534
2,21_-,10,boost.mine.size,(22640)
(21920)
(22240)
(21616)
(21744)
(21616)
(22640)
(21920)
(21616)
(22560)
2,21_-,10,boost.mine.time,232
2,21_-,10,fine-grained.mine.size,(27568)
(27776)
(27584)
(27824)
(27760)
(27280)
(26960)
(27648)
(27952)
(27088)
2,21_-,10,fine-grained.mine.time,1402
2,21_-,10,prune.mine.size,(27776)
(27584)
(27088)
(27584)
(27920)
(27920)
(27264)
(27920)
(27264)
(26960)
2,21_-,10,prune.mine.time,1552
2,21_-,5,boost.mine.size,(22720)
(21968)
(21840)
(21984)
(22784)
(22448)
(21984)
(22800)
(22864)
(22528)
2,21_-,5,boost.mine.time,282
2,21_-,5,fine-grained.mine.size,(1754464)
(1754368)
(1754544)
(1754528)
(1754288)
(1753648)
(1754000)
(1754576)
(1754224)
(1754000)
2,21_-,5,fine-grained.mine.time,1550650
2,21_-,5,prune.mine.size,(28256)
(27696)
(28336)
(27504)
(28064)
(27504)
(27392)
(28336)
(28176)
(28400)
2,21_-,5,prune.mine.time,1119
2,22_-,1,boost.mine.size,(21984)
(21712)
(22256)
(21984)
(22064)
(22080)
(21376)
(21936)
(22288)
(22400)
2,22_-,1,boost.mine.time,250
2,22_-,1,fine-grained.mine.size,(30976)
(30992)
(30656)
(30720)
(30912)
(30976)
(30384)
(30832)
(30752)
(30336)
2,22_-,1,fine-grained.mine.time,280
2,22_-,1,prune.mine.size,(22464)
(22592)
(23408)
(23264)
(23456)
(22800)
(23024)
(23024)
(23168)
(22768)
2,22_-,1,prune.mine.time,242
2,22_-,10,boost.mine.size,(21984)
(22048)
(22272)
(21360)
(22304)
(22160)
(22080)
(22160)
(21920)
(21584)
2,22_-,10,boost.mine.time,158
2,22_-,10,fine-grained.mine.size,(30720)
(30352)
(30720)
(30496)
(30592)
(30432)
(30544)
(30368)
(29872)
(30352)
2,22_-,10,fine-grained.mine.time,281
2,22_-,10,prune.mine.size,(23376)
(23616)
(23472)
(23616)
(23536)
(23008)
(23248)
(22672)
(23360)
(23696)
2,22_-,10,prune.mine.time,100
2,22_-,5,boost.mine.size,(22400)
(22176)
(22384)
(21936)
(21968)
(22224)
(21936)
(22336)
(21488)
(22000)
2,22_-,5,boost.mine.time,192
2,22_-,5,fine-grained.mine.size,(30704)
(30704)
(30080)
(30368)
(30432)
(30304)
(30448)
(30608)
(30704)
(30544)
2,22_-,5,fine-grained.mine.time,227
2,22_-,5,prune.mine.size,(23712)
(22672)
(23584)
(23360)
(23472)
(23600)
(23232)
(23696)
(23632)
(23024)
2,22_-,5,prune.mine.time,143
2,23_-,1,boost.mine.size,(23120)
(22656)
(23232)
(23168)
(23568)
(22848)
(23152)
(23216)
(23472)
(23504)
2,23_-,1,boost.mine.time,175
2,23_-,1,fine-grained.mine.size,(37648)
(37728)
(37712)
(37840)
(38048)
(37760)
(37648)
(37728)
(37376)
(37888)
2,23_-,1,fine-grained.mine.time,456
2,23_-,10,boost.mine.size,(23488)
(23440)
(23504)
(23552)
(23568)
(23328)
(22864)
(23440)
(23504)
(23152)
2,23_-,10,boost.mine.time,159
2,23_-,10,fine-grained.mine.size,(37360)
(37648)
(37968)
(37152)
(37024)
(37648)
(37936)
(37360)
(37152)
(37984)
2,23_-,10,fine-grained.mine.time,997
2,23_-,10,prune.mine.size,(37760)
(37584)
(37632)
(37648)
(37728)
(37968)
(37776)
(37360)
(38000)
(38048)
2,23_-,10,prune.mine.time,1468
2,23_-,5,boost.mine.size,(23088)
(23392)
(22656)
(23136)
(22528)
(23392)
(23456)
(23152)
(23328)
(22704)
2,23_-,5,boost.mine.time,189
2,23_-,5,fine-grained.mine.size,(37936)
(37968)
(37152)
(37024)
(37728)
(37040)
(37888)
(38064)
(37824)
(37968)
2,23_-,5,fine-grained.mine.time,541
2,23_-,5,prune.mine.size,(37712)
(37632)
(37632)
(37984)
(37936)
(37648)
(38048)
(38016)
(37024)
(38000)
2,23_-,5,prune.mine.time,636
2,24_-,1,boost.mine.size,(21936)
(21648)
(21984)
(22080)
(21936)
(22048)
(21584)
(21888)
(21968)
(21728)
2,24_-,1,boost.mine.time,103
2,24_-,1,fine-grained.mine.size,(23024)
(22688)
(22864)
(22928)
(22704)
(22800)
(22688)
(22912)
(22608)
(22304)
2,24_-,1,fine-grained.mine.time,339
2,24_-,10,boost.mine.size,(21632)
(21712)
(21712)
(21168)
(21648)
(21328)
(21984)
(21648)
(21968)
(21712)
2,24_-,10,boost.mine.time,175
2,24_-,10,fine-grained.mine.size,(1711936)
(1711920)
(1712048)
(1711568)
(1711856)
(1711920)
(1711792)
(1711872)
(1712144)
(1712144)
2,24_-,10,fine-grained.mine.time,1591308
2,24_-,5,boost.mine.size,(22000)
(22048)
(21024)
(21168)
(21632)
(21360)
(21328)
(21360)
(21888)
(21648)
2,24_-,5,boost.mine.time,324
2,24_-,5,fine-grained.mine.size,(22560)
(22608)
(22320)
(22976)
(22800)
(22864)
(22800)
(22624)
(22800)
(22608)
2,24_-,5,fine-grained.mine.time,307
2,25_-,1,boost.mine.size,(23568)
(23872)
(24272)
(23872)
(24432)
(24656)
(24480)
(24128)
(24544)
(23872)
2,25_-,1,boost.mine.time,304
2,25_-,1,fine-grained.mine.size,(242880)
(242944)
(242816)
(242880)
(243200)
(242864)
(242864)
(242944)
(242864)
(242560)
2,25_-,1,fine-grained.mine.time,296131
2,25_-,1,prune.mine.size,(208096)
(208480)
(208592)
(208240)
(208576)
(207840)
(207536)
(208560)
(208160)
(208144)
2,25_-,1,prune.mine.time,252612
2,25_-,10,boost.mine.size,(24400)
(23760)
(23456)
(24176)
(24384)
(23584)
(24400)
(24416)
(24064)
(23456)
2,25_-,10,boost.mine.time,452
2,25_-,10,fine-grained.mine.size,(2796816)
(2796816)
(2796544)
(2796816)
(2796816)
(2796512)
(2796864)
(2796832)
(2797072)
(2796848)
2,25_-,10,fine-grained.mine.time,1917504
2,25_-,10,prune.mine.size,(2797056)
(2797024)
(2796112)
(2796976)
(2796720)
(2796448)
(2796448)
(2797056)
(2796816)
(2796976)
2,25_-,10,prune.mine.time,1862533
2,25_-,5,boost.mine.size,(24544)
(23696)
(23568)
(23568)
(24608)
(24512)
(23904)
(24432)
(24432)
(24176)
2,25_-,5,boost.mine.time,102
2,25_-,5,fine-grained.mine.size,(622352)
(621872)
(621872)
(622048)
(622352)
(621744)
(622672)
(622688)
(622704)
(622320)
2,25_-,5,fine-grained.mine.time,412801
2,25_-,5,prune.mine.size,(622304)
(622128)
(622352)
(622048)
(621440)
(622064)
(622304)
(621584)
(622368)
(622064)
2,25_-,5,prune.mine.time,407745
2,26_-,1,boost.mine.size,(23248)
(23648)
(22944)
(23568)
(23552)
(23920)
(23664)
(23920)
(23552)
(23904)
2,26_-,1,boost.mine.time,107
2,26_-,1,fine-grained.mine.size,(370608)
(369568)
(370560)
(369904)
(369904)
(370288)
(370256)
(370384)
(370496)
(369568)
2,26_-,1,fine-grained.mine.time,201675
2,26_-,1,prune.mine.size,(121936)
(121952)
(121328)
(122352)
(122240)
(121968)
(121936)
(122304)
(121344)
(122128)
2,26_-,1,prune.mine.time,28387
2,26_-,10,boost.mine.size,(23888)
(23648)
(23568)
(23920)
(23648)
(23552)
(23744)
(23904)
(23504)
(23856)
2,26_-,10,boost.mine.time,552
2,26_-,10,fine-grained.mine.size,(377216)
(376784)
(377520)
(376960)
(377296)
(376656)
(377008)
(377632)
(377296)
(377344)
2,26_-,10,fine-grained.mine.time,187483
2,26_-,10,prune.mine.size,(244032)
(243648)
(243712)
(243696)
(243776)
(244112)
(243792)
(243424)
(243888)
(243792)
2,26_-,10,prune.mine.time,185956
2,26_-,5,boost.mine.size,(23280)
(23568)
(23552)
(23264)
(23920)
(23936)
(23264)
(23552)
(23072)
(23808)
2,26_-,5,boost.mine.time,423
2,26_-,5,fine-grained.mine.size,(377600)
(377568)
(376656)
(377088)
(376784)
(377680)
(377376)
(377008)
(376784)
(376800)
2,26_-,5,fine-grained.mine.time,191259
2,26_-,5,prune.mine.size,(235584)
(235712)
(235648)
(235472)
(235472)
(235296)
(235664)
(234800)
(235696)
(235008)
2,26_-,5,prune.mine.time,178591
2,2_-,1,boost.mine.size,(25056)
(26032)
(25616)
(26000)
(26000)
(25744)
(25920)
(26032)
(26176)
(26000)
2,2_-,1,boost.mine.time,474
2,2_-,1,fine-grained.mine.size,(2810592)
(2810224)
(2810624)
(2810320)
(2810336)
(2810096)
(2809808)
(2809984)
(2810160)
(2810352)
2,2_-,1,fine-grained.mine.time,20917
2,2_-,1,prune.mine.size,(32368)
(31872)
(32288)
(32272)
(31904)
(32176)
(32192)
(32432)
(32528)
(32496)
2,2_-,1,prune.mine.time,617
2,2_-,10,boost.mine.size,(25840)
(25728)
(25600)
(25184)
(26032)
(26064)
(25680)
(25840)
(25392)
(25168)
2,2_-,10,boost.mine.time,519
2,2_-,10,fine-grained.mine.size,(42624)
(43456)
(43104)
(43040)
(43440)
(42608)
(42816)
(43168)
(43168)
(43168)
2,2_-,10,fine-grained.mine.time,817
2,2_-,10,prune.mine.size,(42784)
(43104)
(43168)
(43104)
(42496)
(43504)
(42784)
(42784)
(43088)
(43344)
2,2_-,10,prune.mine.time,673
2,2_-,5,boost.mine.size,(25360)
(25616)
(25952)
(25680)
(25664)
(25392)
(26016)
(26032)
(25760)
(25616)
2,2_-,5,boost.mine.time,534
2,2_-,5,fine-grained.mine.size,(2811088)
(2811680)
(2811232)
(2811040)
(2811824)
(2810992)
(2811328)
(2811824)
(2811760)
(2810992)
2,2_-,5,fine-grained.mine.time,20511
2,2_-,5,prune.mine.size,(32144)
(31872)
(31872)
(31904)
(32528)
(32656)
(31696)
(32208)
(32128)
(31696)
2,2_-,5,prune.mine.time,534
2,3_-,1,boost.mine.size,(21568)
(21520)
(21920)
(21264)
(21760)
(21872)
(21568)
(21088)
(21680)
(21952)
2,3_-,1,boost.mine.time,432
2,3_-,1,fine-grained.mine.size,(34800)
(34848)
(34912)
(34576)
(34000)
(34832)
(34896)
(34672)
(34432)
(34688)
2,3_-,1,fine-grained.mine.time,571
2,3_-,1,prune.mine.size,(34560)
(34848)
(34432)
(34208)
(34496)
(34176)
(34912)
(34848)
(34848)
(34432)
2,3_-,1,prune.mine.time,640
2,3_-,10,boost.mine.size,(21824)
(21088)
(21984)
(21760)
(21872)
(21760)
(21872)
(21984)
(21648)
(21984)
2,3_-,10,boost.mine.time,471
2,3_-,10,fine-grained.mine.size,(35152)
(34480)
(35040)
(34480)
(34864)
(35136)
(35216)
(35056)
(34784)
(34992)
2,3_-,10,fine-grained.mine.time,735
2,3_-,10,prune.mine.size,(34880)
(35152)
(34480)
(35216)
(35136)
(34784)
(34784)
(34816)
(34304)
(34176)
2,3_-,10,prune.mine.time,739
2,3_-,5,boost.mine.size,(21264)
(21920)
(21920)
(21680)
(21264)
(21952)
(21568)
(21920)
(21824)
(21568)
2,3_-,5,boost.mine.time,479
2,3_-,5,fine-grained.mine.size,(34640)
(34912)
(34784)
(34528)
(34640)
(34752)
(34768)
(34752)
(34816)
(34928)
2,3_-,5,fine-grained.mine.time,749
2,3_-,5,prune.mine.size,(34928)
(34912)
(34896)
(34880)
(34912)
(34640)
(34816)
(34576)
(34576)
(34016)
2,3_-,5,prune.mine.time,592
2,4_-,1,boost.mine.size,(22864)
(23152)
(23200)
(22800)
(22816)
(22976)
(22736)
(23104)
(22512)
(22992)
2,4_-,1,boost.mine.time,525
2,4_-,1,fine-grained.mine.size,(2830336)
(2829872)
(2830224)
(2830400)
(2830208)
(2830384)
(2830400)
(2830880)
(2830880)
(2830048)
2,4_-,1,fine-grained.mine.time,22604
2,4_-,1,prune.mine.size,(71936)
(72208)
(71888)
(71632)
(72016)
(71456)
(71344)
(71632)
(72288)
(71952)
2,4_-,1,prune.mine.time,735
2,4_-,10,boost.mine.size,(23312)
(22800)
(22864)
(22528)
(22864)
(22320)
(22512)
(23088)
(22880)
(23136)
2,4_-,10,boost.mine.time,519
2,4_-,10,fine-grained.mine.size,(2830064)
(2830688)
(2830656)
(2830272)
(2830336)
(2830480)
(2830896)
(2830400)
(2830416)
(2830768)
2,4_-,10,fine-grained.mine.time,22632
2,4_-,10,prune.mine.size,(72016)
(71728)
(72080)
(72320)
(72192)
(72096)
(72368)
(71968)
(72016)
(72464)
2,4_-,10,prune.mine.time,1257
2,4_-,5,boost.mine.size,(22800)
(23216)
(22864)
(23152)
(22976)
(22512)
(22976)
(23152)
(23136)
(23264)
2,4_-,5,boost.mine.time,113
2,4_-,5,fine-grained.mine.size,(193744)
(193424)
(193840)
(193408)
(192944)
(193152)
(193760)
(193840)
(192800)
(192928)
2,4_-,5,fine-grained.mine.time,1757
2,4_-,5,prune.mine.size,(66704)
(67360)
(67024)
(67360)
(66416)
(67344)
(67200)
(66528)
(67024)
(67264)
2,4_-,5,prune.mine.time,766
2,5_-,1,boost.mine.size,(21520)
(21664)
(21280)
(21632)
(21056)
(20848)
(21712)
(21520)
(21424)
(21520)
2,5_-,1,boost.mine.time,72
2,5_-,1,fine-grained.mine.size,(27216)
(26560)
(27280)
(27280)
(26592)
(26864)
(27264)
(26816)
(26624)
(26944)
2,5_-,1,fine-grained.mine.time,125
2,5_-,1,prune.mine.size,(26880)
(26592)
(27232)
(26896)
(26960)
(27120)
(26592)
(26960)
(27296)
(27056)
2,5_-,1,prune.mine.time,135
2,5_-,10,boost.mine.size,(21328)
(21664)
(20848)
(21632)
(21744)
(21584)
(21280)
(21680)
(21696)
(20720)
2,5_-,10,boost.mine.time,77
2,5_-,10,fine-grained.mine.size,(26864)
(26384)
(27136)
(27216)
(26976)
(27008)
(26864)
(26960)
(27056)
(27120)
2,5_-,10,fine-grained.mine.time,147
2,5_-,10,prune.mine.size,(27216)
(26400)
(27184)
(27056)
(26384)
(27216)
(27280)
(27072)
(26960)
(27120)
2,5_-,10,prune.mine.time,143
2,5_-,5,boost.mine.size,(21056)
(21584)
(21344)
(21056)
(21344)
(21072)
(21024)
(21344)
(20848)
(21408)
2,5_-,5,boost.mine.time,104
2,5_-,5,fine-grained.mine.size,(26256)
(27120)
(26608)
(26880)
(26592)
(26256)
(27120)
(27280)
(26880)
(26976)
2,5_-,5,fine-grained.mine.time,173
2,5_-,5,prune.mine.size,(27216)
(27168)
(27168)
(26816)
(27216)
(27200)
(26960)
(26944)
(26560)
(26272)
2,5_-,5,prune.mine.time,150
2,6_-,1,boost.mine.size,(24000)
(24272)
(24240)
(24240)
(24000)
(23920)
(24112)
(24096)
(24240)
(24160)
2,6_-,1,boost.mine.time,543
2,6_-,1,fine-grained.mine.size,(33120)
(33152)
(33392)
(33504)
(33840)
(33168)
(33520)
(32816)
(33392)
(33120)
2,6_-,1,fine-grained.mine.time,728
2,6_-,1,prune.mine.size,(24976)
(25264)
(25344)
(25376)
(25056)
(25296)
(25216)
(24960)
(25296)
(24672)
2,6_-,1,prune.mine.time,539
2,6_-,10,boost.mine.size,(24368)
(24336)
(23520)
(24032)
(24368)
(24080)
(24368)
(23696)
(24256)
(23728)
2,6_-,10,boost.mine.time,113
2,6_-,10,fine-grained.mine.size,(2113072)
(2114096)
(2113248)
(2113600)
(2113216)
(2114032)
(2114080)
(2113600)
(2113072)
(2113600)
2,6_-,10,fine-grained.mine.time,18452
2,6_-,10,prune.mine.size,(36496)
(35520)
(36144)
(36432)
(36208)
(35648)
(36432)
(36080)
(36080)
(35872)
2,6_-,10,prune.mine.time,736
2,6_-,5,boost.mine.size,(23744)
(23680)
(24080)
(23744)
(23744)
(23968)
(23744)
(24016)
(23360)
(23632)
2,6_-,5,boost.mine.time,502
2,6_-,5,fine-grained.mine.size,(33392)
(33840)
(33424)
(33152)
(33536)
(33728)
(33520)
(33152)
(33760)
(33552)
2,6_-,5,fine-grained.mine.time,784
2,6_-,5,prune.mine.size,(33120)
(33136)
(33376)
(33616)
(33776)
(33840)
(32816)
(33776)
(33376)
(33424)
2,6_-,5,prune.mine.time,772
2,7_-,1,boost.mine.size,(24608)
(24432)
(24656)
(24768)
(24720)
(24320)
(24448)
(24576)
(24768)
(24080)
2,7_-,1,boost.mine.time,208
2,7_-,1,fine-grained.mine.size,(2086064)
(2086000)
(2085664)
(2086368)
(2086368)
(2086464)
(2086400)
(2086368)
(2086368)
(2085680)
2,7_-,1,fine-grained.mine.time,924592
2,7_-,1,prune.mine.size,(32064)
(31408)
(32064)
(32016)
(31792)
(31808)
(31968)
(31168)
(31920)
(31792)
2,7_-,1,prune.mine.time,443
2,7_-,10,boost.mine.size,(23744)
(24576)
(24304)
(23744)
(24592)
(23952)
(24416)
(24592)
(24320)
(24000)
2,7_-,10,boost.mine.time,1667
2,7_-,10,fine-grained.mine.size,(31216)
(31904)
(31584)
(31392)
(31776)
(31392)
(31056)
(31456)
(31808)
(31792)
2,7_-,10,fine-grained.mine.time,2544
2,7_-,10,prune.mine.size,(31136)
(30960)
(31856)
(31456)
(31392)
(31568)
(31536)
(31520)
(30960)
(31168)
2,7_-,10,prune.mine.time,1749
2,7_-,5,boost.mine.size,(24544)
(24832)
(24896)
(23856)
(24816)
(24208)
(24768)
(24192)
(24224)
(23856)
2,7_-,5,boost.mine.time,305
2,7_-,5,fine-grained.mine.size,(31696)
(31760)
(31808)
(31792)
(31440)
(31456)
(31744)
(31440)
(31392)
(31520)
2,7_-,5,fine-grained.mine.time,613
2,7_-,5,prune.mine.size,(30848)
(31696)
(31808)
(31632)
(31168)
(31392)
(31648)
(31136)
(31536)
(31744)
2,7_-,5,prune.mine.time,411
2,8_-,1,boost.mine.size,(21072)
(21216)
(20848)
(21472)
(20816)
(20528)
(21472)
(21376)
(21136)
(20512)
2,8_-,1,boost.mine.time,86
2,8_-,1,fine-grained.mine.size,(2090208)
(2089904)
(2090208)
(2090160)
(2090224)
(2090368)
(2090208)
(2090192)
(2090320)
(2090256)
2,8_-,1,fine-grained.mine.time,919157
2,8_-,1,prune.mine.size,(24544)
(24304)
(24640)
(24576)
(23600)
(23936)
(24528)
(24224)
(23600)
(24304)
2,8_-,1,prune.mine.time,147
2,8_-,10,boost.mine.size,(21312)
(21216)
(21424)
(20512)
(21488)
(21536)
(20528)
(21536)
(21216)
(21472)
2,8_-,10,boost.mine.time,74
2,8_-,10,fine-grained.mine.size,(23472)
(24384)
(23776)
(24448)
(23808)
(24176)
(23824)
(23600)
(24032)
(24432)
2,8_-,10,fine-grained.mine.time,130
2,8_-,10,prune.mine.size,(24080)
(24272)
(24176)
(24352)
(24384)
(24384)
(24416)
(24096)
(24496)
(23600)
2,8_-,10,prune.mine.time,99
2,8_-,5,boost.mine.size,(20640)
(21120)
(20816)
(21136)
(21216)
(21328)
(21488)
(21424)
(21216)
(21472)
2,8_-,5,boost.mine.time,73
2,8_-,5,fine-grained.mine.size,(2089984)
(2090288)
(2090096)
(2090224)
(2089920)
(2089744)
(2089904)
(2090176)
(2090080)
(2090272)
2,8_-,5,fine-grained.mine.time,810288
2,8_-,5,prune.mine.size,(24576)
(23904)
(23616)
(24400)
(23824)
(24464)
(24160)
(24400)
(24464)
(24224)
2,8_-,5,prune.mine.time,119
2,9_-,1,boost.mine.size,(21376)
(21264)
(21264)
(20640)
(20768)
(21616)
(21344)
(21664)
(21664)
(21600)
2,9_-,1,boost.mine.time,91
2,9_-,1,fine-grained.mine.size,(45056)
(44192)
(45216)
(45232)
(44320)
(44880)
(44800)
(44816)
(45216)
(44320)
2,9_-,1,fine-grained.mine.time,3313
2,9_-,1,prune.mine.size,(45168)
(45152)
(44208)
(45168)
(45168)
(44800)
(44320)
(44192)
(44752)
(45056)
2,9_-,1,prune.mine.time,3312
2,9_-,10,boost.mine.size,(21264)
(21552)
(20768)
(21616)
(21344)
(21504)
(21456)
(21568)
(21552)
(20976)
2,9_-,10,boost.mine.time,74
2,9_-,10,fine-grained.mine.size,(44496)
(45072)
(45056)
(44192)
(44496)
(44816)
(44320)
(45248)
(45104)
(44992)
2,9_-,10,fine-grained.mine.time,5845
2,9_-,10,prune.mine.size,(44320)
(45264)
(44816)
(44896)
(45104)
(44512)
(45104)
(45216)
(44912)
(44816)
2,9_-,10,prune.mine.time,5343
2,9_-,5,boost.mine.size,(21200)
(21680)
(21344)
(21600)
(20944)
(21200)
(21440)
(21504)
(21264)
(21456)
2,9_-,5,boost.mine.time,88
2,9_-,5,fine-grained.mine.size,(44816)
(44896)
(44496)
(45104)
(44496)
(44320)
(44320)
(45120)
(45168)
(45008)
2,9_-,5,fine-grained.mine.time,3344
2,9_-,5,prune.mine.size,(44880)
(45216)
(44208)
(45216)
(44832)
(44816)
(44320)
(44816)
(45152)
(44992)
2,9_-,5,prune.mine.time,3427
