siena,1_2,1,boost.mine.size,(21504)
(20688)
(21584)
(20688)
(21184)
(21184)
(21264)
(21536)
(20896)
(21248)
(21472)
(21472)
(20864)
(21472)
(21584)
(21584)
(21520)
(21120)
(20560)
(21232)
(21296)
(21168)
(21648)
(21584)
(21184)
(20864)
(21424)
(21248)
(21424)
(20560)
(20896)
(20896)
(21184)
(21184)
(20896)
(21264)
(21536)
(21280)
(21120)
(21600)
(21248)
(21184)
(20688)
(21424)
(21504)
(21280)
(20896)
(21184)
(20688)
(21424)
(20688)
(21360)
(21184)
(21536)
(21584)
(20640)
(21536)
(21424)
(20864)
(21520)
(20704)
(21264)
(21520)
(21536)
(21264)
(20576)
(21504)
(21136)
(21472)
(21184)
(21520)
(21264)
(21584)
(21360)
(21360)
(21520)
(20688)
(21392)
(21120)
(20896)
(21264)
(21424)
(20688)
(21584)
(21168)
(20864)
(21248)
(21504)
(21584)
(20560)
(21536)
(21424)
(21184)
(20912)
(21264)
(20864)
(21264)
(20704)
(21360)
(20864)
siena,1_2,1,boost.mine.time,524
siena,1_2,1,fine-grained.mine.size,(22560)
(22960)
(22688)
(22336)
(22976)
(22144)
(22960)
(22864)
(22976)
(22944)
(22688)
(22000)
(22800)
(23136)
(22304)
(22320)
(22704)
(22704)
(22800)
(22912)
(22704)
(23040)
(22800)
(22304)
(22560)
(22336)
(22912)
(22336)
(22864)
(22960)
(23008)
(22576)
(22944)
(22128)
(22976)
(22704)
(22688)
(22624)
(22704)
(22624)
(22128)
(22624)
(22608)
(22704)
(22704)
(22000)
(22304)
(22688)
(22944)
(22704)
(22688)
(22864)
(22928)
(22624)
(22304)
(22816)
(23040)
(22944)
(22976)
(22000)
(22976)
(23024)
(23056)
(22704)
(22624)
(22336)
(22304)
(22912)
(22736)
(22640)
(22000)
(22128)
(22960)
(22944)
(22784)
(22944)
(22608)
(22608)
(22976)
(22976)
(22960)
(22560)
(22960)
(22304)
(23024)
(22704)
(22976)
(22928)
(22912)
(22800)
(22704)
(22128)
(22304)
(22144)
(22560)
(22800)
(22128)
(22976)
(22336)
(22000)
siena,1_2,1,fine-grained.mine.time,696
siena,1_2,1,prune.mine.size,(22704)
(22688)
(22736)
(23024)
(22864)
(22944)
(22944)
(22336)
(22976)
(22912)
(22176)
(22624)
(22960)
(22864)
(22000)
(22304)
(22144)
(22432)
(22720)
(23024)
(22960)
(22736)
(22624)
(22960)
(22704)
(22608)
(23040)
(22944)
(22912)
(22880)
(22816)
(22624)
(22816)
(22944)
(22912)
(22704)
(22960)
(22976)
(22912)
(22704)
(22944)
(22016)
(22128)
(22720)
(22928)
(22608)
(22096)
(22864)
(22960)
(22640)
(22688)
(21984)
(22864)
(22960)
(22336)
(22000)
(22960)
(23024)
(23024)
(22672)
(22688)
(22560)
(22016)
(22944)
(22688)
(22560)
(22624)
(22608)
(22608)
(22864)
(22800)
(22832)
(22976)
(22864)
(22464)
(22960)
(22816)
(22128)
(22560)
(22944)
(22560)
(22800)
(22000)
(22800)
(22336)
(22912)
(22944)
(22624)
(22864)
(22336)
(22864)
(22976)
(22688)
(22704)
(22304)
(22864)
(22688)
(22960)
(22720)
(22704)
siena,1_2,1,prune.mine.time,660
siena,1_2,10,boost.mine.size,(20624)
(20448)
(21280)
(21232)
(21280)
(21232)
(20656)
(21232)
(20624)
(21232)
(21296)
(21184)
(20624)
(20944)
(21136)
(21296)
(21392)
(21264)
(20464)
(20336)
(21040)
(21280)
(20880)
(21184)
(21264)
(21344)
(20320)
(20928)
(21296)
(20944)
(21360)
(21120)
(20880)
(20880)
(21024)
(21296)
(21040)
(20320)
(21024)
(20656)
(21232)
(20880)
(21040)
(21232)
(21264)
(21024)
(21200)
(21392)
(20944)
(21296)
(20640)
(20928)
(20624)
(21184)
(20928)
(20880)
(20896)
(20880)
(21344)
(21280)
(21120)
(20896)
(21360)
(21344)
(21280)
(20176)
(20656)
(20944)
(20608)
(21008)
(21024)
(21344)
(21264)
(20304)
(21024)
(21280)
(21392)
(20880)
(21168)
(21120)
(21280)
(21232)
(21344)
(20448)
(21120)
(20976)
(20624)
(21264)
(21008)
(21264)
(20880)
(20320)
(20880)
(21296)
(20640)
(21312)
(20320)
(21296)
(21344)
(21296)
siena,1_2,10,boost.mine.time,510
siena,1_2,10,fine-grained.mine.size,(22800)
(22320)
(22624)
(22608)
(22960)
(22144)
(22800)
(23024)
(22608)
(22992)
(22352)
(22960)
(22880)
(22864)
(22304)
(22960)
(22896)
(22720)
(22864)
(22816)
(23040)
(23072)
(22576)
(22688)
(22336)
(23024)
(22976)
(22624)
(22624)
(22864)
(22608)
(22608)
(22800)
(22912)
(22848)
(22928)
(22912)
(22336)
(23040)
(22720)
(22624)
(22560)
(22992)
(22864)
(22624)
(23024)
(22976)
(22976)
(22608)
(22000)
(22864)
(22816)
(22912)
(22144)
(22992)
(22864)
(22720)
(23024)
(22864)
(22864)
(22960)
(22624)
(22912)
(22464)
(22000)
(22704)
(22624)
(22128)
(22800)
(22912)
(22720)
(22144)
(23072)
(22144)
(22336)
(22928)
(22864)
(22688)
(22688)
(22560)
(22128)
(23120)
(22688)
(22640)
(22304)
(22128)
(23024)
(22608)
(22288)
(22560)
(22304)
(22800)
(22976)
(22976)
(22864)
(22304)
(22864)
(23024)
(22128)
(22912)
siena,1_2,10,fine-grained.mine.time,737
siena,1_2,10,prune.mine.size,(22800)
(22624)
(22624)
(22624)
(22864)
(22624)
(22608)
(22624)
(22128)
(22704)
(22320)
(22016)
(22128)
(22336)
(22352)
(22784)
(22912)
(22976)
(22704)
(22624)
(22976)
(22320)
(23040)
(22560)
(22128)
(22352)
(22608)
(22928)
(22864)
(22624)
(22688)
(22704)
(22000)
(22976)
(22608)
(22704)
(23040)
(22976)
(22960)
(22320)
(22912)
(22960)
(22800)
(22128)
(22000)
(22000)
(22128)
(22960)
(22864)
(22560)
(22624)
(22912)
(22608)
(22112)
(22944)
(22864)
(23024)
(22560)
(22000)
(22016)
(22560)
(23024)
(22912)
(22720)
(22912)
(22688)
(22608)
(22976)
(22912)
(22000)
(23040)
(22272)
(22608)
(22704)
(22816)
(22304)
(22624)
(22608)
(22864)
(22608)
(22960)
(22608)
(22704)
(22800)
(22976)
(22000)
(22912)
(23024)
(22624)
(22336)
(22960)
(22688)
(22336)
(22976)
(22304)
(22800)
(22624)
(22704)
(22944)
(22976)
siena,1_2,10,prune.mine.time,743
siena,1_2,5,boost.mine.size,(21600)
(21536)
(21120)
(21168)
(21360)
(21168)
(20560)
(21584)
(21472)
(21472)
(20576)
(21584)
(21440)
(21472)
(20864)
(21248)
(21552)
(21504)
(20560)
(21248)
(21504)
(20544)
(21120)
(20560)
(21584)
(21648)
(21536)
(21184)
(21536)
(21360)
(21664)
(21376)
(21360)
(21520)
(21360)
(21184)
(21616)
(21168)
(21488)
(21504)
(21184)
(20864)
(21504)
(21552)
(20864)
(21184)
(21520)
(20896)
(20912)
(21536)
(21424)
(21552)
(21472)
(21584)
(21488)
(21424)
(21264)
(20576)
(21184)
(20688)
(21504)
(21536)
(21184)
(20560)
(21424)
(20896)
(21264)
(21600)
(21264)
(21184)
(21168)
(20864)
(21248)
(21264)
(21120)
(21168)
(20864)
(21360)
(21184)
(21600)
(20560)
(21600)
(21296)
(21584)
(21360)
(20960)
(21168)
(21600)
(21472)
(20912)
(21504)
(20864)
(21360)
(21424)
(21248)
(21488)
(21248)
(21520)
(21168)
(20896)
siena,1_2,5,boost.mine.time,523
siena,1_2,5,fine-grained.mine.size,(22688)
(22608)
(22560)
(22912)
(22000)
(22944)
(22624)
(23056)
(22624)
(22304)
(22624)
(22640)
(22944)
(22960)
(22800)
(22608)
(22816)
(22944)
(22240)
(22864)
(22944)
(22912)
(22880)
(22880)
(22960)
(22016)
(22864)
(23024)
(22688)
(22336)
(22688)
(22688)
(22944)
(22336)
(22624)
(22800)
(22880)
(23040)
(22560)
(22608)
(22128)
(22304)
(22624)
(22384)
(22800)
(22704)
(22000)
(22128)
(22912)
(22976)
(22512)
(22400)
(22128)
(22304)
(22320)
(22912)
(22976)
(22976)
(22128)
(22944)
(22336)
(22960)
(22704)
(22688)
(22912)
(22304)
(22624)
(22704)
(22704)
(22800)
(22144)
(22944)
(22000)
(22560)
(22864)
(22336)
(22336)
(22304)
(22800)
(22608)
(22864)
(22704)
(22624)
(22624)
(22992)
(22688)
(22912)
(22304)
(22976)
(22608)
(22976)
(23024)
(22000)
(22688)
(22624)
(22976)
(22688)
(22576)
(22608)
(22624)
siena,1_2,5,fine-grained.mine.time,748
siena,1_2,5,prune.mine.size,(22304)
(22912)
(22912)
(22912)
(22688)
(22944)
(23072)
(22704)
(22944)
(22608)
(22336)
(22688)
(22704)
(22352)
(22560)
(22912)
(22944)
(22000)
(22336)
(22128)
(22624)
(22704)
(22624)
(22912)
(22720)
(22144)
(22928)
(22608)
(22128)
(22944)
(22720)
(22944)
(22800)
(22304)
(22976)
(22800)
(22336)
(22976)
(22896)
(22816)
(22704)
(22976)
(22144)
(22272)
(22800)
(22704)
(22848)
(22960)
(22688)
(22864)
(22944)
(23040)
(22800)
(22704)
(22704)
(22128)
(22288)
(22128)
(22800)
(22688)
(22336)
(22608)
(22960)
(22320)
(22880)
(22912)
(22624)
(23120)
(22976)
(22336)
(22688)
(22960)
(22864)
(22624)
(22608)
(22704)
(22944)
(22144)
(22000)
(22624)
(22944)
(22560)
(22688)
(22336)
(22864)
(22560)
(22128)
(22016)
(22128)
(22688)
(22336)
(22704)
(22000)
(22304)
(23024)
(22912)
(22960)
(22944)
(22624)
(22624)
siena,1_2,5,prune.mine.time,741
