derby,5_8,1,boost.mine.size,(44512)
(44336)
(43712)
(44576)
(44688)
(44320)
(44048)
(44656)
(44048)
(44768)
(43840)
(44320)
(44336)
(44736)
(43840)
(44640)
(44576)
(44736)
(44048)
(44272)
(44752)
(44016)
(44624)
(44320)
(44672)
(44656)
(44528)
(44512)
(43728)
(44016)
(44272)
(44576)
(44736)
(44512)
(44768)
(44320)
(44416)
(44320)
(44704)
(44416)
(44688)
(44400)
(44320)
(44672)
(44800)
(44272)
(44416)
(44512)
(44736)
(44048)
(44016)
(44736)
(44576)
(44576)
(44512)
(43712)
(43712)
(44656)
(44064)
(43840)
(44416)
(44272)
(44272)
(44512)
(44400)
(44336)
(44672)
(43840)
(44400)
(44336)
(43728)
(44016)
(44272)
(44288)
(43840)
(44624)
(44544)
(44672)
(44736)
(43712)
(44320)
(44656)
(43712)
(44272)
(44640)
(44336)
(44528)
(43712)
(44048)
(44592)
(44016)
(44672)
(44048)
(44528)
(44576)
(44624)
(44672)
(43840)
(44336)
(44400)
derby,5_8,1,boost.mine.time,3542
derby,5_8,1,fine-grained.mine.size,(52272)
(52080)
(52080)
(51904)
(51424)
(51632)
(52256)
(51632)
(52080)
(52080)
(52320)
(51296)
(51904)
(52080)
(51968)
(51840)
(52144)
(52144)
(51632)
(51904)
(52192)
(51600)
(51968)
(52272)
(51904)
(51632)
(51840)
(52256)
(51904)
(51968)
(52080)
(51424)
(52304)
(52304)
(52240)
(51904)
(52080)
(52240)
(51424)
(51616)
(52016)
(51856)
(52304)
(52080)
(52256)
(51296)
(52080)
(51984)
(52304)
(52272)
(52208)
(51296)
(52272)
(51424)
(52240)
(52080)
(51904)
(51600)
(51984)
(51904)
(52144)
(51424)
(51296)
(51920)
(52240)
(51344)
(52320)
(51600)
(52256)
(52256)
(52144)
(51840)
(52144)
(52160)
(51888)
(51984)
(52256)
(51968)
(52256)
(52240)
(51600)
(51600)
(52080)
(51984)
(52224)
(52144)
(52000)
(51984)
(51968)
(51984)
(52256)
(51840)
(52192)
(51904)
(51888)
(51600)
(51856)
(51984)
(51600)
(52240)
derby,5_8,1,fine-grained.mine.time,6568
derby,5_8,1,prune.mine.size,(31968)
(31968)
(31760)
(31536)
(31344)
(32096)
(32112)
(31376)
(31968)
(31888)
(32176)
(31232)
(31808)
(31232)
(32112)
(32112)
(32080)
(32096)
(31536)
(32080)
(32176)
(31232)
(32112)
(31232)
(32080)
(31888)
(31536)
(31360)
(32176)
(32176)
(31968)
(31888)
(32176)
(31648)
(32080)
(31600)
(31584)
(32176)
(31904)
(31536)
(31536)
(32080)
(31792)
(32096)
(32176)
(31984)
(31968)
(32096)
(32112)
(32128)
(32208)
(31888)
(32112)
(31536)
(31792)
(31568)
(31888)
(32096)
(31520)
(31520)
(31536)
(31808)
(32176)
(31888)
(31760)
(31920)
(31888)
(31888)
(31344)
(32096)
(31920)
(31344)
(31888)
(32112)
(31888)
(32112)
(32112)
(32016)
(31568)
(31360)
(31888)
(32080)
(31568)
(32000)
(31808)
(32080)
(32096)
(31760)
(32096)
(32016)
(31360)
(32080)
(32176)
(32112)
(31792)
(31760)
(31760)
(31568)
(31568)
(31808)
derby,5_8,1,prune.mine.time,5209
derby,5_8,10,boost.mine.size,(43920)
(44016)
(44176)
(43552)
(43232)
(44160)
(43520)
(43520)
(44176)
(44160)
(44176)
(43936)
(43344)
(44080)
(44176)
(43344)
(44128)
(43840)
(43776)
(44192)
(43840)
(43824)
(44080)
(43344)
(44128)
(43776)
(43776)
(43920)
(44192)
(44240)
(44176)
(44016)
(44144)
(43520)
(43904)
(44128)
(44176)
(43536)
(43216)
(43824)
(44080)
(43216)
(43920)
(43792)
(44080)
(43904)
(43344)
(44080)
(44192)
(44144)
(43520)
(44080)
(43840)
(44096)
(43904)
(44128)
(44160)
(44016)
(43232)
(44160)
(44016)
(44176)
(43520)
(43520)
(44240)
(43824)
(43840)
(44256)
(44160)
(44176)
(44256)
(43776)
(43840)
(44192)
(43216)
(43344)
(43920)
(44016)
(44080)
(43824)
(43520)
(43520)
(43520)
(44176)
(44128)
(44192)
(43920)
(43344)
(43776)
(44160)
(43344)
(44240)
(43792)
(43904)
(44176)
(44016)
(43216)
(43920)
(43904)
(44032)
derby,5_8,10,boost.mine.time,3210
derby,5_8,10,fine-grained.mine.size,(51904)
(51968)
(51280)
(51296)
(51968)
(51968)
(51984)
(51968)
(51632)
(51296)
(51904)
(51840)
(52256)
(52080)
(52304)
(52080)
(52256)
(52320)
(51424)
(52256)
(51632)
(52144)
(51840)
(51984)
(51856)
(51840)
(51984)
(51968)
(52080)
(52160)
(51296)
(52208)
(51584)
(51600)
(52240)
(51632)
(51600)
(52320)
(51888)
(51840)
(51968)
(52080)
(52416)
(51888)
(52336)
(51840)
(52192)
(51296)
(52192)
(51296)
(52240)
(52224)
(51632)
(51888)
(52192)
(51984)
(52080)
(52224)
(52224)
(52256)
(51280)
(51888)
(52080)
(51984)
(52144)
(51296)
(51904)
(51424)
(51600)
(52240)
(52240)
(52240)
(51296)
(51424)
(52192)
(51904)
(52240)
(51424)
(52080)
(51888)
(51424)
(51968)
(52240)
(52224)
(51968)
(52192)
(51968)
(51840)
(52272)
(51600)
(52192)
(51984)
(51888)
(52192)
(52080)
(52256)
(52096)
(52256)
(52240)
(52240)
derby,5_8,10,fine-grained.mine.time,6966
derby,5_8,10,prune.mine.size,(33056)
(33488)
(32928)
(33488)
(33072)
(33888)
(33232)
(33840)
(33968)
(33488)
(33728)
(33232)
(33488)
(33488)
(33488)
(33840)
(33552)
(33552)
(33888)
(33872)
(32944)
(33632)
(33552)
(32928)
(33488)
(33904)
(33888)
(33840)
(33056)
(33792)
(33536)
(33632)
(32928)
(33920)
(33488)
(33872)
(33536)
(33488)
(33792)
(33536)
(33840)
(33536)
(33536)
(34048)
(33264)
(33904)
(33632)
(33488)
(33904)
(34000)
(33632)
(33792)
(33536)
(33904)
(33808)
(33536)
(33968)
(33952)
(33888)
(33840)
(33504)
(33552)
(33264)
(33744)
(33904)
(33616)
(33792)
(32928)
(33632)
(33840)
(33872)
(33904)
(33952)
(33072)
(33728)
(33792)
(33536)
(33872)
(33568)
(33872)
(33728)
(33840)
(33552)
(33952)
(33728)
(32928)
(33232)
(33808)
(33488)
(32928)
(33264)
(33504)
(33744)
(33888)
(33616)
(33616)
(33616)
(33904)
(32928)
(33232)
derby,5_8,10,prune.mine.time,6290
derby,5_8,5,boost.mine.size,(44208)
(43232)
(43856)
(44208)
(43136)
(44176)
(43568)
(44208)
(43360)
(44256)
(43664)
(43936)
(43536)
(44272)
(43840)
(43536)
(43936)
(44032)
(44192)
(44208)
(43840)
(43792)
(44208)
(44208)
(44256)
(44240)
(43232)
(44096)
(43936)
(43856)
(43344)
(43824)
(43360)
(44256)
(43792)
(44192)
(43568)
(43360)
(43568)
(44176)
(43792)
(43920)
(43232)
(43376)
(43536)
(43840)
(44160)
(44208)
(43856)
(44176)
(43232)
(44208)
(43856)
(43952)
(43232)
(44256)
(44256)
(44144)
(43872)
(43936)
(43856)
(43920)
(44224)
(43792)
(44112)
(44144)
(44176)
(43856)
(43792)
(44176)
(44256)
(43568)
(43856)
(44144)
(43952)
(44160)
(44192)
(44272)
(44032)
(44144)
(43792)
(44176)
(44208)
(44144)
(44256)
(43840)
(43808)
(44240)
(44208)
(43248)
(43568)
(43936)
(44112)
(43936)
(43536)
(43840)
(43920)
(43792)
(44256)
(44144)
derby,5_8,5,boost.mine.time,3340
derby,5_8,5,fine-grained.mine.size,(52144)
(52080)
(51920)
(51312)
(52144)
(51600)
(51632)
(51968)
(51968)
(52224)
(52352)
(51600)
(52160)
(51424)
(52144)
(51952)
(51968)
(52304)
(52256)
(52144)
(51904)
(52320)
(51968)
(51904)
(51648)
(52192)
(51600)
(52320)
(51888)
(51632)
(52256)
(51600)
(52096)
(51456)
(51424)
(52224)
(51600)
(51632)
(52160)
(52144)
(52256)
(51424)
(51904)
(51904)
(52144)
(51888)
(52080)
(52240)
(51712)
(51424)
(51584)
(51888)
(52240)
(52256)
(52224)
(52080)
(52144)
(52256)
(52256)
(51968)
(51888)
(52224)
(52096)
(52256)
(51968)
(51904)
(52160)
(51840)
(51840)
(51984)
(52144)
(51344)
(52256)
(51600)
(51520)
(52240)
(52240)
(52192)
(51424)
(51424)
(52240)
(52224)
(52176)
(52080)
(52224)
(52080)
(51984)
(51840)
(52304)
(51920)
(51920)
(52192)
(51840)
(52032)
(52144)
(51840)
(52208)
(51984)
(52256)
(51904)
derby,5_8,5,fine-grained.mine.time,6859
derby,5_8,5,prune.mine.size,(31968)
(32032)
(32080)
(31936)
(31680)
(31184)
(32080)
(31360)
(31760)
(31056)
(31968)
(31920)
(32032)
(32016)
(31680)
(31680)
(31680)
(32032)
(31968)
(31920)
(31920)
(31056)
(31760)
(31072)
(31376)
(31664)
(31968)
(31392)
(32032)
(32080)
(32000)
(31776)
(32080)
(31072)
(31680)
(31680)
(32000)
(31184)
(31856)
(31776)
(31664)
(31968)
(31680)
(32016)
(31744)
(31360)
(32032)
(31360)
(31760)
(31936)
(32032)
(31616)
(31616)
(31056)
(31056)
(31184)
(32048)
(31056)
(32000)
(32000)
(31680)
(31968)
(31888)
(31968)
(31968)
(31760)
(31184)
(32048)
(32080)
(31664)
(32080)
(32000)
(31776)
(31184)
(31712)
(31872)
(31760)
(31616)
(31056)
(31760)
(31664)
(31616)
(31616)
(32032)
(31184)
(31056)
(31280)
(31856)
(32096)
(32000)
(31232)
(31856)
(31776)
(31680)
(31744)
(31696)
(31616)
(31856)
(32016)
(31616)
derby,5_8,5,prune.mine.time,5345
